7
int_100
0
0
-1
-1
-1
70
7
70
70
1
-1
-1
-1
70
1
int_0
-1
-1
-1
-1
100
-1
1
100
-1
int_100
-1
10
-1
-1
7
100
-1
2
-1
-1
100
70
1
100
-1
int_1
-1
1
100
-1
1
101
-1
-1
-1
-1
-1
-1
7
0
0
4
-1
-1
-1
70
1
int_0
-1
-1
-1
-1
101
-1
7
10000
70
5
-1
-1
102
-1
1
102
-1
int_1
-1
2
103
-1
1
101
-1
103
-1
8
-1
-1
1
101
-1
103
-1
1
104
-1
1
104
-1
int_2
-1
4
105
-1
7
105
70
2
-1
-1
106
-1
1
100
-1
106
-1
7
-1
-1
1
-2
-2
-2
-2
-2
105
-1
7
105
70
2
-1
-1
107
-1
1
100
-1
107
-1
10
-1
-1
1
105
-1
int_1
-1
2
103
-1
1
105
-1
int_1
-1
1
101
-1
1
-2
-2
-2
-2
-2
int_-1
-2
